0.000000000000000000e+00 7.378000000000000000e+03 0.000000000000000000e+00 0.000000000000000000e+00
0.000000000000000000e+00 7.341461526013610637e+03 0.000000000000000000e+00 8.896380693383335938e+02
1.000000000000000000e+02 7.233273329967803875e+03 0.000000000000000000e+00 1.754740915237632635e+03
2.000000000000000000e+02 7.056794886800698805e+03 0.000000000000000000e+00 2.590366883119658269e+03
3.000000000000000000e+02 6.816333850484201321e+03 0.000000000000000000e+00 3.391396770387007564e+03
4.000000000000000000e+02 6.515566572403004102e+03 0.000000000000000000e+00 4.157162065420707222e+03
5.000000000000000000e+02 6.158580972885640222e+03 0.000000000000000000e+00 4.887124738231321317e+03
6.000000000000000000e+02 5.751097188642463152e+03 0.000000000000000000e+00 5.577089510770168090e+03
7.000000000000000000e+02 5.299025927148421033e+03 0.000000000000000000e+00 6.223897979418872637e+03
8.000000000000000000e+02 4.808267026071431246e+03 0.000000000000000000e+00 6.825355409973063615e+03
9.000000000000000000e+02 4.284550889118607301e+03 0.000000000000000000e+00 7.380125836445216009e+03
1.000000000000000000e+03 3.733323129805748067e+03 0.000000000000000000e+00 7.887611160809586181e+03
1.100000000000000000e+03 3.159668468770879372e+03 0.000000000000000000e+00 8.347826751743788918e+03
1.200000000000000000e+03 2.568267617143980715e+03 0.000000000000000000e+00 8.761282400432790382e+03
1.300000000000000000e+03 1.963380123943455601e+03 0.000000000000000000e+00 9.128874133374509256e+03
1.400000000000000000e+03 1.348846452186011220e+03 0.000000000000000000e+00 9.451789669762913036e+03
1.500000000000000000e+03 7.281034110192090338e+02 0.000000000000000000e+00 9.731428339991509347e+03
1.600000000000000000e+03 1.042081621142099266e+02 0.000000000000000000e+00 9.969334988055099529e+03
1.700000000000000000e+03 -5.201328856021079901e+02 0.000000000000000000e+00 1.016714662917605892e+04
1.800000000000000000e+03 -1.142532999751826992e+03 0.000000000000000000e+00 1.032655027668227922e+04
1.900000000000000000e+03 -1.760893762021681596e+03 0.000000000000000000e+00 1.044925025789514621e+04
2.000000000000000000e+03 -2.373374677094522667e+03 0.000000000000000000e+00 1.053694340479006314e+04
2.100000000000000000e+03 -2.978364531259415344e+03 0.000000000000000000e+00 1.059130065761348851e+04
2.200000000000000000e+03 -3.574454931763009881e+03 0.000000000000000000e+00 1.061395380912996552e+04
2.300000000000000000e+03 -4.160416215554646442e+03 0.000000000000000000e+00 1.060648631306969764e+04
2.400000000000000000e+03 -4.735175753386513861e+03 0.000000000000000000e+00 1.057042726521259465e+04
2.500000000000000000e+03 -5.297798571208826615e+03 0.000000000000000000e+00 1.050724783072706305e+04
2.600000000000000000e+03 -5.847470148712266564e+03 0.000000000000000000e+00 1.041835953373139637e+04
2.700000000000000000e+03 -6.383481221917993025e+03 0.000000000000000000e+00 1.030511394462793214e+04
2.800000000000000000e+03 -6.905214403404356744e+03 0.000000000000000000e+00 1.016880339934844778e+04
2.900000000000000000e+03 -7.412132433219647282e+03 0.000000000000000000e+00 1.001066246477830828e+04
3.000000000000000000e+03 -7.903767880903196783e+03 0.000000000000000000e+00 9.831869929031952779e+03
3.100000000000000000e+03 -8.379714130961843694e+03 0.000000000000000000e+00 9.633551146559153494e+03
3.200000000000000000e+03 -8.839617498354629788e+03 0.000000000000000000e+00 9.416780608634357122e+03
3.300000000000000000e+03 -9.283170335533975958e+03 0.000000000000000000e+00 9.182584641665649542e+03
3.400000000000000000e+03 -9.710105007431680860e+03 0.000000000000000000e+00 8.931944160677579930e+03
3.500000000000000000e+03 -1.012018862489499588e+04 0.000000000000000000e+00 8.665797424695687369e+03
3.600000000000000000e+03 -1.051321844015921852e+04 0.000000000000000000e+00 8.385042755748849231e+03
3.700000000000000000e+03 -1.088901781984472655e+04 0.000000000000000000e+00 8.090541194742374500e+03
3.800000000000000000e+03 -1.124743272165319650e+04 0.000000000000000000e+00 7.783119076286915515e+03
3.900000000000000000e+03 -1.158832861044175661e+04 0.000000000000000000e+00 7.463570511289094611e+03
4.000000000000000000e+03 -1.191158775774628521e+04 0.000000000000000000e+00 7.132659771188631566e+03
4.100000000000000000e+03 -1.221710687619745477e+04 0.000000000000000000e+00 6.791123571533285940e+03
4.200000000000000000e+03 -1.250500620679548229e+04 0.000000000000000000e+00 6.439426544331489822e+03
4.300000000000000000e+03 -1.277539397949964768e+04 0.000000000000000000e+00 6.078016323450915479e+03
4.400000000000000000e+03 -1.302815516219345591e+04 0.000000000000000000e+00 5.707573586731434261e+03
4.500000000000000000e+03 -1.326318535387837801e+04 0.000000000000000000e+00 5.328762109107443393e+03
4.600000000000000000e+03 -1.348038970052350851e+04 0.000000000000000000e+00 4.942230211696012702e+03
4.700000000000000000e+03 -1.367968192321781135e+04 0.000000000000000000e+00 4.548612147566616841e+03
4.800000000000000000e+03 -1.386098344641426593e+04 0.000000000000000000e+00 4.148529433219800922e+03
4.900000000000000000e+03 -1.402422261626383261e+04 0.000000000000000000e+00 3.742592134203722708e+03
5.000000000000000000e+03 -1.416933400092743068e+04 0.000000000000000000e+00 3.331400112695432654e+03
5.100000000000000000e+03 -1.429625776637236413e+04 0.000000000000000000e+00 2.915544244286953472e+03
5.200000000000000000e+03 -1.440493912254699717e+04 0.000000000000000000e+00 2.495607610659483726e+03
5.300000000000000000e+03 -1.449532783602094241e+04 0.000000000000000000e+00 2.072166674313696149e+03
5.400000000000000000e+03 -1.456737780621109414e+04 0.000000000000000000e+00 1.645792441058378245e+03
5.500000000000000000e+03 -1.462104670321718186e+04 0.000000000000000000e+00 1.217051615549200960e+03
5.600000000000000000e+03 -1.465629566609204085e+04 0.000000000000000000e+00 7.865077548173917421e+02
5.700000000000000000e+03 -1.467308906109758755e+04 0.000000000000000000e+00 3.547224244356874010e+02
5.800000000000000000e+03 -1.467139430017138875e+04 0.000000000000000000e+00 -7.774363826461870985e+01
5.900000000000000000e+03 -1.465118172047315966e+04 0.000000000000000000e+00 -5.103293496888308027e+02
6.000000000000000000e+03 -1.461242452651639542e+04 0.000000000000000000e+00 -9.424720900740456955e+02
6.100000000000000000e+03 -1.455509879703744082e+04 0.000000000000000000e+00 -1.373606494149385071e+03
6.200000000000000000e+03 -1.447918355943149800e+04 0.000000000000000000e+00 -1.803163218362419684e+03
6.300000000000000000e+03 -1.438466093531068509e+04 0.000000000000000000e+00 -2.230567680675642805e+03
6.400000000000000000e+03 -1.427151636153129766e+04 0.000000000000000000e+00 -2.655238768914780849e+03
6.500000000000000000e+03 -1.413973889191406488e+04 0.000000000000000000e+00 -3.076587513613857936e+03
6.600000000000000000e+03 -1.398932158586096375e+04 0.000000000000000000e+00 -3.494015721261677754e+03
6.700000000000000000e+03 -1.382026199117456054e+04 0.000000000000000000e+00 -3.906914563823918797e+03
6.800000000000000000e+03 -1.363256272963158881e+04 0.000000000000000000e+00 -4.314663120409830299e+03
6.900000000000000000e+03 -1.342623219527390938e+04 0.000000000000000000e+00 -4.716626866990778581e+03
7.000000000000000000e+03 -1.320128537698158107e+04 0.000000000000000000e+00 -5.112156110181618715e+03
7.100000000000000000e+03 -1.295774481871137687e+04 0.000000000000000000e+00 -5.500584361291574169e+03
7.200000000000000000e+03 -1.269564173284924254e+04 0.000000000000000000e+00 -5.881226647171690274e+03
7.300000000000000000e+03 -1.241504102487641103e+04 0.000000000000000000e+00 -6.253344820419134521e+03
7.400000000000000000e+03 -1.211601888751712795e+04 0.000000000000000000e+00 -6.616181721994787949e+03
7.500000000000000000e+03 -1.179864063919915861e+04 0.000000000000000000e+00 -6.968992062929893109e+03
7.600000000000000000e+03 -1.146298642988776555e+04 0.000000000000000000e+00 -7.311004324162291596e+03
7.700000000000000000e+03 -1.110915344725414980e+04 0.000000000000000000e+00 -7.641418740637534029e+03
7.800000000000000000e+03 -1.073725842626511621e+04 0.000000000000000000e+00 -7.959405217483948945e+03
7.900000000000000000e+03 -1.034744050238738419e+04 0.000000000000000000e+00 -8.264101184748622472e+03
8.000000000000000000e+03 -9.939864454048367406e+03 0.000000000000000000e+00 -8.554609401075671485e+03
8.100000000000000000e+03 -9.514724386037263685e+03 0.000000000000000000e+00 -8.829995721714678439e+03
8.200000000000000000e+03 -9.072247912173166696e+03 0.000000000000000000e+00 -9.089286852647057458e+03
8.300000000000000000e+03 -8.612700902786627921e+03 0.000000000000000000e+00 -9.331468120757104771e+03
8.400000000000000000e+03 -8.136392870285664685e+03 0.000000000000000000e+00 -9.555481300275094327e+03
8.500000000000000000e+03 -7.643683074163766832e+03 0.000000000000000000e+00 -9.760222548694429861e+03
8.600000000000000000e+03 -7.134987435010102672e+03 0.000000000000000000e+00 -9.944540521629043724e+03
8.700000000000000000e+03 -6.610786355008740429e+03 0.000000000000000000e+00 -1.010723475636148942e+04
8.800000000000000000e+03 -6.071633549467193916e+03 0.000000000000000000e+00 -1.024705443898937301e+04
8.900000000000000000e+03 -5.518165999215886586e+03 0.000000000000000000e+00 -1.036269770108195371e+04
9.000000000000000000e+03 -4.951115136006799730e+03 0.000000000000000000e+00 -1.045281162968808712e+04
9.100000000000000000e+03 -4.371319370537842588e+03 0.000000000000000000e+00 -1.051599322053024116e+04
9.200000000000000000e+03 -3.779738062994581014e+03 0.000000000000000000e+00 -1.055079155939097473e+04
9.300000000000000000e+03 -3.177467015727329454e+03 0.000000000000000000e+00 -1.055571158198685771e+04
9.400000000000000000e+03 -2.565755532489220059e+03 0.000000000000000000e+00 -1.052921983854707651e+04
9.500000000000000000e+03 -1.946025032876673777e+03 0.000000000000000000e+00 -1.046975277558125163e+04
9.600000000000000000e+03 -1.319889127088325040e+03 0.000000000000000000e+00 -1.037572814226727132e+04
9.700000000000000000e+03 -6.891749361512908081e+02 0.000000000000000000e+00 -1.024556022865424166e+04
9.800000000000000000e+03 -5.594527625922557945e+01 0.000000000000000000e+00 -1.007767974028578828e+04
9.900000000000000000e+03 5.774788980856510534e+02 0.000000000000000000e+00 -9.870559196979149419e+03
1.000000000000000000e+04 1.208496689278083750e+03 0.000000000000000000e+00 -9.622744793940195450e+03
1.010000000000000000e+04 1.834207354673503460e+03 0.000000000000000000e+00 -9.332895654436546465e+03
1.020000000000000000e+04 2.451394015846514776e+03 0.000000000000000000e+00 -8.999831298343808157e+03
1.030000000000000000e+04 3.056513196214229538e+03 0.000000000000000000e+00 -8.622587903234329133e+03
1.040000000000000000e+04 3.645692946423097965e+03 0.000000000000000000e+00 -8.200483489238335096e+03
1.050000000000000000e+04 4.214742831554128315e+03 0.000000000000000000e+00 -7.733191458542085456e+03
1.060000000000000000e+04 4.759179442091441160e+03 0.000000000000000000e+00 -7.220820918439629168e+03
1.070000000000000000e+04 5.274271209450655078e+03 0.000000000000000000e+00 -6.664000897839399840e+03
1.080000000000000000e+04 5.755105976462386025e+03 0.000000000000000000e+00 -6.063963975581084014e+03
1.090000000000000000e+04 6.196683798191872484e+03 0.000000000000000000e+00 -5.422623112447523454e+03
1.100000000000000000e+04 6.594035665684018568e+03 0.000000000000000000e+00 -4.742633875010493284e+03
1.110000000000000000e+04 6.942366196602800301e+03 0.000000000000000000e+00 -4.027433139497487446e+03
1.120000000000000000e+04 7.237214956052921480e+03 0.000000000000000000e+00 -3.281245230342736704e+03
1.130000000000000000e+04 7.473220203786677303e+03 0.000000000000000000e+00 -2.513058416072454747e+03
1.140000000000000000e+04 7.646154815530570886e+03 0.000000000000000000e+00 -1.732100372384472848e+03
1.150000000000000000e+04 7.754375751668388148e+03 0.000000000000000000e+00 -9.437166036037367576e+02
1.160000000000000000e+04 7.796963258302951544e+03 0.000000000000000000e+00 -1.536649951893468824e+02
1.170000000000000000e+04 7.773783294960901003e+03 0.000000000000000000e+00 6.320671982274909624e+02
1.180000000000000000e+04 7.685504940754943163e+03 0.000000000000000000e+00 1.407437513393977042e+03
1.190000000000000000e+04 7.533578936280512607e+03 0.000000000000000000e+00 2.166507729093562830e+03
1.200000000000000000e+04 7.320184432292908241e+03 0.000000000000000000e+00 2.903582968657814945e+03
1.210000000000000000e+04 7.048151821889765415e+03 0.000000000000000000e+00 3.613326297537221762e+03
1.220000000000000000e+04 6.720201848941574099e+03 0.000000000000000000e+00 4.292392164265559586e+03
1.230000000000000000e+04 6.339456577248749454e+03 0.000000000000000000e+00 4.937761378513118871e+03
1.240000000000000000e+04 5.910036066482985007e+03 0.000000000000000000e+00 5.545247123851909237e+03
1.250000000000000000e+04 5.436375130432849801e+03 0.000000000000000000e+00 6.111256751047671969e+03
1.260000000000000000e+04 4.923124672014369025e+03 0.000000000000000000e+00 6.632800367154287414e+03
1.270000000000000000e+04 4.375059442764916639e+03 0.000000000000000000e+00 7.107482313456319389e+03
1.280000000000000000e+04 3.796994953364776848e+03 0.000000000000000000e+00 7.533478548715644138e+03
1.290000000000000000e+04 3.193715241213712943e+03 0.000000000000000000e+00 7.909503182375616234e+03
1.300000000000000000e+04 2.569912277779623764e+03 0.000000000000000000e+00 8.234767343560301015e+03
1.310000000000000000e+04 1.930137032761332648e+03 0.000000000000000000e+00 8.508933302708763222e+03
1.320000000000000000e+04 1.278761630064041810e+03 0.000000000000000000e+00 8.732066362231149469e+03
1.330000000000000000e+04 6.199516309874355784e+02 0.000000000000000000e+00 8.904586570341625702e+03
1.340000000000000000e+04 -4.235275656629596597e+01 0.000000000000000000e+00 9.027221842989523793e+03
1.350000000000000000e+04 -7.044478468914642235e+02 0.000000000000000000e+00 9.100963640831414523e+03
1.360000000000000000e+04 -1.362871328699977767e+03 0.000000000000000000e+00 9.127025964473565182e+03
1.370000000000000000e+04 -2.014402036860890121e+03 0.000000000000000000e+00 9.106808112360853556e+03
1.380000000000000000e+04 -2.656055766222713828e+03 0.000000000000000000e+00 9.041861393208999289e+03
1.390000000000000000e+04 -3.285078113463362115e+03 0.000000000000000000e+00 8.933859794357362262e+03
1.400000000000000000e+04 -3.898935188906965777e+03 0.000000000000000000e+00 8.784574471122872637e+03
1.410000000000000000e+04 -4.495302899700909620e+03 0.000000000000000000e+00 8.595851831047091764e+03
1.420000000000000000e+04 -5.072055375509661644e+03 0.000000000000000000e+00 8.369594931671610539e+03
1.430000000000000000e+04 -5.627252991728982124e+03 0.000000000000000000e+00 8.107747882708206816e+03
1.440000000000000000e+04 -6.159130344705614334e+03 0.000000000000000000e+00 7.812282935882764832e+03
1.450000000000000000e+04 -6.666084448605971374e+03 0.000000000000000000e+00 7.485189952291339068e+03
1.460000000000000000e+04 -7.146663353509718036e+03 0.000000000000000000e+00 7.128467953018331173e+03
1.470000000000000000e+04 -7.599555327579565528e+03 0.000000000000000000e+00 6.744118480349520723e+03
1.480000000000000000e+04 -8.023578701112363888e+03 0.000000000000000000e+00 6.334140521433159847e+03
1.490000000000000000e+04 -8.417672435205038710e+03 0.000000000000000000e+00 5.900526771739042488e+03
1.500000000000000000e+04 -8.780887451050593882e+03 0.000000000000000000e+00 5.445261040785345358e+03
1.510000000000000000e+04 -9.112378736041937373e+03 0.000000000000000000e+00 4.970316626457725761e+03
1.520000000000000000e+04 -9.411398228612159073e+03 0.000000000000000000e+00 4.477655506290990161e+03
1.530000000000000000e+04 -9.677316615081921555e+03 0.000000000000000000e+00 3.969178340205368386e+03
1.540000000000000000e+04 -9.909584949143883932e+03 0.000000000000000000e+00 3.446776222809937281e+03
1.550000000000000000e+04 -1.010770206150165177e+04 0.000000000000000000e+00 2.912381928347837857e+03
1.560000000000000000e+04 -1.027124368265590419e+04 0.000000000000000000e+00 2.367920297814988771e+03
1.570000000000000000e+04 -1.039985914561925347e+04 0.000000000000000000e+00 1.815309724904378072e+03
1.580000000000000000e+04 -1.049326875298926097e+04 0.000000000000000000e+00 1.256463877193027201e+03
1.590000000000000000e+04 -1.055126179518265417e+04 0.000000000000000000e+00 6.932935978459827311e+02
1.600000000000000000e+04 -1.057369520996526626e+04 0.000000000000000000e+00 1.277089381185003276e+02
1.610000000000000000e+04 -1.056049287710386488e+04 0.000000000000000000e+00 -4.383787256089904076e+02
1.620000000000000000e+04 -1.051164554587239581e+04 0.000000000000000000e+00 -1.003054534558401542e+03
1.630000000000000000e+04 -1.042721139714095079e+04 0.000000000000000000e+00 -1.564397993809731815e+03
1.640000000000000000e+04 -1.030731724574419422e+04 0.000000000000000000e+00 -2.120480866747523578e+03
1.650000000000000000e+04 -1.015216039264896608e+04 0.000000000000000000e+00 -2.669365164697270302e+03
1.660000000000000000e+04 -9.962011139987896968e+03 0.000000000000000000e+00 -3.209101282568691659e+03
1.670000000000000000e+04 -9.737215985143888247e+03 0.000000000000000000e+00 -3.737726336687588628e+03
1.680000000000000000e+04 -9.478201512571527928e+03 0.000000000000000000e+00 -4.253262767998081472e+03
1.690000000000000000e+04 -9.185489372775977245e+03 0.000000000000000000e+00 -4.753698184296516956e+03
1.700000000000000000e+04 -8.859691774987135432e+03 0.000000000000000000e+00 -5.237005615009057692e+03
1.710000000000000000e+04 -8.501507039331481792e+03 0.000000000000000000e+00 -5.701162453535979694e+03
1.720000000000000000e+04 -8.111736145023382960e+03 0.000000000000000000e+00 -6.144130010380070416e+03
1.730000000000000000e+04 -7.691290384405834629e+03 0.000000000000000000e+00 -6.563854715012582346e+03
1.740000000000000000e+04 -7.241199811122387473e+03 0.000000000000000000e+00 -6.958270205499436997e+03
1.750000000000000000e+04 -6.762622473729124977e+03 0.000000000000000000e+00 -7.325300471551979172e+03
1.760000000000000000e+04 -6.256854408403933121e+03 0.000000000000000000e+00 -7.662864239554257438e+03
1.770000000000000000e+04 -5.725340340463283610e+03 0.000000000000000000e+00 -7.968880812398590024e+03
1.780000000000000000e+04 -5.169685012792743692e+03 0.000000000000000000e+00 -8.241277601863963355e+03
1.790000000000000000e+04 -4.591665018530775342e+03 0.000000000000000000e+00 -8.477999615616108713e+03
1.800000000000000000e+04 -3.993240963823163383e+03 0.000000000000000000e+00 -8.677021182971826420e+03
1.810000000000000000e+04 -3.376569722609906876e+03 0.000000000000000000e+00 -8.836360220944421599e+03
1.820000000000000000e+04 -2.744016467822217237e+03 0.000000000000000000e+00 -8.954095351518719326e+03
1.830000000000000000e+04 -2.098166071093060964e+03 0.000000000000000000e+00 -9.028386178343624124e+03
1.840000000000000000e+04 -1.441833355952152942e+03 0.000000000000000000e+00 -9.057497010712377232e+03
1.850000000000000000e+04 -7.780715685945813220e+02 0.000000000000000000e+00 -9.039824278301090089e+03
1.860000000000000000e+04 -1.101782986863187261e+02 0.000000000000000000e+00 -8.973927804066470344e+03
1.870000000000000000e+04 5.583020540596102137e+02 0.000000000000000000e+00 -8.858565986629508188e+03
1.880000000000000000e+04 1.223580304548460390e+03 0.000000000000000000e+00 -8.692734778956593800e+03
1.890000000000000000e+04 1.881630150674959395e+03 0.000000000000000000e+00 -8.475710129734678048e+03
1.900000000000000000e+04 2.528202717930878407e+03 0.000000000000000000e+00 -8.207093272655505643e+03
1.910000000000000000e+04 3.158849234515214448e+03 0.000000000000000000e+00 -7.886857906784910483e+03
1.920000000000000000e+04 3.768953027601382473e+03 0.000000000000000000e+00 -7.515397915662993000e+03
1.930000000000000000e+04 4.353771853402672605e+03 0.000000000000000000e+00 -7.093573841492619977e+03
1.940000000000000000e+04 4.908491253832310576e+03 0.000000000000000000e+00 -6.622755894433174944e+03
1.950000000000000000e+04 5.428289150525473815e+03 0.000000000000000000e+00 -6.104860880780363004e+03
1.960000000000000000e+04 5.908411236518095393e+03 0.000000000000000000e+00 -5.542380136552233125e+03
1.970000000000000000e+04 6.344255922506158640e+03 0.000000000000000000e+00 -4.938395423215780283e+03
1.980000000000000000e+04 6.731466682465806116e+03 0.000000000000000000e+00 -4.296579849829210616e+03
1.990000000000000000e+04 7.066028698728401650e+03 0.000000000000000000e+00 -3.621181289460856078e+03
2.000000000000000000e+04 7.343681583688075989e+03 0.000000000000000000e+00 -2.918525845891461813e+03
2.010000000000000000e+04 7.560873573179501363e+03 0.000000000000000000e+00 -2.195338035363770359e+03
2.020000000000000000e+04 7.715502174533578000e+03 0.000000000000000000e+00 -1.457105540966715580e+03
2.030000000000000000e+04 7.806087801194442363e+03 0.000000000000000000e+00 -7.095948734771747013e+02
2.040000000000000000e+04 7.831809532805967137e+03 0.000000000000000000e+00 4.124325526259997332e+01
2.050000000000000000e+04 7.792523208386179249e+03 0.000000000000000000e+00 7.893718970325508053e+02
2.060000000000000000e+04 7.688761957755523326e+03 0.000000000000000000e+00 1.528765479516294818e+03
2.070000000000000000e+04 7.521720137834072375e+03 0.000000000000000000e+00 2.253503586263842863e+03
2.080000000000000000e+04 7.293222386362427642e+03 0.000000000000000000e+00 2.957857858362034221e+03
2.090000000000000000e+04 7.005680078232247070e+03 0.000000000000000000e+00 3.636369572567907653e+03
2.100000000000000000e+04 6.661694187012131806e+03 0.000000000000000000e+00 4.284638074675054668e+03
2.110000000000000000e+04 6.264307472427353787e+03 0.000000000000000000e+00 4.898573489645663358e+03
2.120000000000000000e+04 5.817298329457284126e+03 0.000000000000000000e+00 5.473720548542870347e+03
2.130000000000000000e+04 5.324815307822444083e+03 0.000000000000000000e+00 6.006097655807406227e+03
2.140000000000000000e+04 4.791308390680217599e+03 0.000000000000000000e+00 6.492223308299905511e+03
2.150000000000000000e+04 4.221460217195301993e+03 0.000000000000000000e+00 6.929131374357085406e+03
2.160000000000000000e+04 3.620119148326063623e+03 0.000000000000000000e+00 7.314376014375404338e+03
2.170000000000000000e+04 2.992235755430312565e+03 0.000000000000000000e+00 7.646027328652777214e+03
2.180000000000000000e+04 2.342803958368640451e+03 0.000000000000000000e+00 7.922659020088763100e+03
2.190000000000000000e+04 1.676807682562125365e+03 0.000000000000000000e+00 8.143329463654071333e+03
2.200000000000000000e+04 9.991735663904227067e+02 0.000000000000000000e+00 8.307557592948447564e+03
2.210000000000000000e+04 3.147299483686875874e+02 0.000000000000000000e+00 8.415294962534622755e+03
2.220000000000000000e+04 -3.718278918277172806e+02 0.000000000000000000e+00 8.466895240659132469e+03
2.230000000000000000e+04 -1.055966468598749543e+03 0.000000000000000000e+00 8.463082247758238736e+03
2.240000000000000000e+04 -1.733337185126188615e+03 0.000000000000000000e+00 8.404917497389267737e+03
2.250000000000000000e+04 -2.399794276365173573e+03 0.000000000000000000e+00 8.293768030940991594e+03
2.260000000000000000e+04 -3.051408153027091430e+03 0.000000000000000000e+00 8.131275175752934047e+03
2.270000000000000000e+04 -3.684474728362608403e+03 0.000000000000000000e+00 7.919324705311113576e+03
2.280000000000000000e+04 -4.295521311068165232e+03 0.000000000000000000e+00 7.660018744579225313e+03
2.290000000000000000e+04 -4.881309628437633364e+03 0.000000000000000000e+00 7.355649645683782182e+03
2.300000000000000000e+04 -5.438836510116679165e+03 0.000000000000000000e+00 7.008675959812298970e+03
2.310000000000000000e+04 -5.965332719722203365e+03 0.000000000000000000e+00 6.621700549780198344e+03
2.320000000000000000e+04 -6.458260373407678344e+03 0.000000000000000000e+00 6.197450822921586223e+03
2.330000000000000000e+04 -6.915309334477086850e+03 0.000000000000000000e+00 5.738761013918350727e+03
2.340000000000000000e+04 -7.334392923801413417e+03 0.000000000000000000e+00 5.248556409829817312e+03
2.350000000000000000e+04 -7.713643238755950733e+03 0.000000000000000000e+00 4.729839382812766416e+03
2.360000000000000000e+04 -8.051406329746323536e+03 0.000000000000000000e+00 4.185677077811829804e+03
2.370000000000000000e+04 -8.346237443713383982e+03 0.000000000000000000e+00 3.619190591007472904e+03
2.380000000000000000e+04 -8.596910385261020565e+03 0.000000000000000000e+00 3.033516159475325367e+03
2.390000000000000000e+04 -8.802396612405556880e+03 0.000000000000000000e+00 2.431826984445834569e+03
2.400000000000000000e+04 -8.961848018704762580e+03 0.000000000000000000e+00 1.817355520612916280e+03
2.410000000000000000e+04 -9.074611023054461839e+03 0.000000000000000000e+00 1.193357018027373215e+03
2.420000000000000000e+04 -9.140224335427648839e+03 0.000000000000000000e+00 5.631034412295133507e+02
2.430000000000000000e+04 -9.158417407947230458e+03 0.000000000000000000e+00 -7.012217720225260109e+01
2.440000000000000000e+04 -9.129109603336904911e+03 0.000000000000000000e+00 -7.030311104275822345e+02
2.450000000000000000e+04 -9.052410097902185953e+03 0.000000000000000000e+00 -1.332334199048387745e+03
2.460000000000000000e+04 -8.928618521888032774e+03 0.000000000000000000e+00 -1.954747160941894890e+03
2.470000000000000000e+04 -8.758226325786134112e+03 0.000000000000000000e+00 -2.566996109805580545e+03
2.480000000000000000e+04 -8.541918846371074324e+03 0.000000000000000000e+00 -3.165823444113073492e+03
2.490000000000000000e+04 -8.280578030381706412e+03 0.000000000000000000e+00 -3.747994269877360239e+03
2.500000000000000000e+04 -7.975285756290541030e+03 0.000000000000000000e+00 -4.310303522634577348e+03
2.510000000000000000e+04 -7.627335465612030930e+03 0.000000000000000000e+00 -4.849570815501821016e+03
2.520000000000000000e+04 -7.238229082590349208e+03 0.000000000000000000e+00 -5.362663959592247011e+03
2.530000000000000000e+04 -6.809673577452718746e+03 0.000000000000000000e+00 -5.846522316108575069e+03
2.540000000000000000e+04 -6.343592789061603980e+03 0.000000000000000000e+00 -6.298153845345043919e+03
2.550000000000000000e+04 -5.842132043461378998e+03 0.000000000000000000e+00 -6.714648154117223385e+03
2.560000000000000000e+04 -5.307662511991008614e+03 0.000000000000000000e+00 -7.093191219389269463e+03
2.570000000000000000e+04 -4.742785046997688369e+03 0.000000000000000000e+00 -7.431081927597510003e+03
2.580000000000000000e+04 -4.150333189697644229e+03 0.000000000000000000e+00 -7.725750547261935935e+03
2.590000000000000000e+04 -3.533374998622106432e+03 0.000000000000000000e+00 -7.974779221469028926e+03
2.600000000000000000e+04 -2.895213299666925650e+03 0.000000000000000000e+00 -8.175924524770957760e+03
2.610000000000000000e+04 -2.239383911972628539e+03 0.000000000000000000e+00 -8.327142074028346542e+03
2.620000000000000000e+04 -1.569651360383328665e+03 0.000000000000000000e+00 -8.426613112905986782e+03
2.630000000000000000e+04 -8.900015485956394059e+02 0.000000000000000000e+00 -8.472772903630440851e+03
2.640000000000000000e+04 -2.046308417376575335e+02 0.000000000000000000e+00 -8.464340656366539406e+03
2.650000000000000000e+04 4.820690016807427583e+02 0.000000000000000000e+00 -8.400350606254321974e+03
2.660000000000000000e+04 1.165530594667993455e+03 0.000000000000000000e+00 -8.280183712212899991e+03
2.670000000000000000e+04 1.841035886698836293e+03 0.000000000000000000e+00 -8.103599303293025514e+03
2.680000000000000000e+04 2.503746753111526232e+03 0.000000000000000000e+00 -7.870765843075776502e+03
2.690000000000000000e+04 3.148741512832073568e+03 0.000000000000000000e+00 -7.582289828330734963e+03
2.700000000000000000e+04 3.771057511604590218e+03 0.000000000000000000e+00 -7.239241695506200813e+03
2.710000000000000000e+04 4.365739693147496837e+03 0.000000000000000000e+00 -6.843177490820545245e+03
2.720000000000000000e+04 4.927894819663375529e+03 0.000000000000000000e+00 -6.396154981974608745e+03
2.730000000000000000e+04 5.452750702544664819e+03 0.000000000000000000e+00 -5.900742868033989907e+03
2.740000000000000000e+04 5.935719476230462533e+03 0.000000000000000000e+00 -5.360021794525895530e+03
2.750000000000000000e+04 6.372463611264985047e+03 0.000000000000000000e+00 -4.777576016391161829e+03
2.760000000000000000e+04 6.758963040544917021e+03 0.000000000000000000e+00 -4.157474780372562236e+03
2.770000000000000000e+04 7.091581493588296325e+03 0.000000000000000000e+00 -3.504242821711636225e+03
2.780000000000000000e+04 7.366798126119406334e+03 0.000000000000000000e+00 -2.823547632909672302e+03
2.790000000000000000e+04 7.581680207581435752e+03 0.000000000000000000e+00 -2.121391634755935684e+03
2.800000000000000000e+04 7.734254951242747666e+03 0.000000000000000000e+00 -1.403310923290483970e+03
2.810000000000000000e+04 7.823122123343986459e+03 0.000000000000000000e+00 -6.750522680682112195e+02
2.820000000000000000e+04 7.847476820013207544e+03 0.000000000000000000e+00 5.749769271132151971e+01
2.830000000000000000e+04 7.807121704300496276e+03 0.000000000000000000e+00 7.883853275516955819e+02
2.840000000000000000e+04 7.702468662818530902e+03 0.000000000000000000e+00 1.511663124123195303e+03
2.850000000000000000e+04 7.534530202646189537e+03 0.000000000000000000e+00 2.221461270247548327e+03
2.860000000000000000e+04 7.304901237432288326e+03 0.000000000000000000e+00 2.912056077431175709e+03
2.870000000000000000e+04 7.015732189542610286e+03 0.000000000000000000e+00 3.577933828223434830e+03
2.880000000000000000e+04 6.669694550165553665e+03 0.000000000000000000e+00 4.213848883534046763e+03
2.890000000000000000e+04 6.269736759618122960e+03 0.000000000000000000e+00 4.815212581599403165e+03
2.900000000000000000e+04 5.819228673441454703e+03 0.000000000000000000e+00 5.377761173502873135e+03
2.910000000000000000e+04 5.322123196782475134e+03 0.000000000000000000e+00 5.897256907966635481e+03
2.920000000000000000e+04 4.782721761582548424e+03 0.000000000000000000e+00 6.369897233159672396e+03
2.930000000000000000e+04 4.205620939648600142e+03 0.000000000000000000e+00 6.792340753424686227e+03
2.940000000000000000e+04 3.595657984953311825e+03 0.000000000000000000e+00 7.161725849435673808e+03
2.950000000000000000e+04 2.957856403881858569e+03 0.000000000000000000e+00 7.475682204672644730e+03
2.960000000000000000e+04 2.297372537824074698e+03 0.000000000000000000e+00 7.732335648674425101e+03
2.970000000000000000e+04 1.619444005422077225e+03 0.000000000000000000e+00 7.930306860142475671e+03
2.980000000000000000e+04 9.293407013688265579e+02 0.000000000000000000e+00 8.068704569113241632e+03
2.990000000000000000e+04 2.323188936695897837e+02 0.000000000000000000e+00 8.147113957907419717e+03
3.000000000000000000e+04 -4.664211906904848775e+02 0.000000000000000000e+00 8.165580988072873879e+03
3.010000000000000000e+04 -1.161774044567777310e+03 0.000000000000000000e+00 8.124593379069975526e+03
3.020000000000000000e+04 -1.848763706043234833e+03 0.000000000000000000e+00 8.025058938822198797e+03
3.030000000000000000e+04 -2.522574724980502651e+03 0.000000000000000000e+00 7.868281901627322441e+03
3.040000000000000000e+04 -3.178579359712751284e+03 0.000000000000000000e+00 7.655937870396394828e+03
3.050000000000000000e+04 -3.812361168585443920e+03 0.000000000000000000e+00 7.390047892504740958e+03
3.060000000000000000e+04 -4.419735218872368932e+03 0.000000000000000000e+00 7.072952125891219112e+03
3.070000000000000000e+04 -4.996765176665394392e+03 0.000000000000000000e+00 6.707283477948050859e+03
3.080000000000000000e+04 -5.539777567446244575e+03 0.000000000000000000e+00 6.295941527014239909e+03
3.090000000000000000e+04 -6.045373510159850412e+03 0.000000000000000000e+00 5.842066967040337659e+03
3.100000000000000000e+04 -6.510438229779101675e+03 0.000000000000000000e+00 5.349016751718676460e+03
3.110000000000000000e+04 -6.932148646582491892e+03 0.000000000000000000e+00 4.820340056009582440e+03
3.120000000000000000e+04 -7.307979326515934190e+03 0.000000000000000000e+00 4.259755121025547851e+03
3.130000000000000000e+04 -7.635707057730031011e+03 0.000000000000000000e+00 3.671127002790347433e+03
3.140000000000000000e+04 -7.913414295090489759e+03 0.000000000000000000e+00 3.058446206333316240e+03
3.150000000000000000e+04 -8.139500001195290679e+03 0.000000000000000000e+00 2.425787607102123729e+03
3.160000000000000000e+04 -8.312671054759635808e+03 0.000000000000000000e+00 1.777311899555336367e+03
3.170000000000000000e+04 -8.431935411592585297e+03 0.000000000000000000e+00 1.117267309629332658e+03
3.180000000000000000e+04 -8.496613594124341034e+03 0.000000000000000000e+00 4.499500116273653703e+02
3.190000000000000000e+04 -8.506339277433751704e+03 0.000000000000000000e+00 -2.203141849185096817e+02
3.200000000000000000e+04 -8.461059569750426817e+03 0.000000000000000000e+00 -8.891879192882084908e+02
3.210000000000000000e+04 -8.361035019236740482e+03 0.000000000000000000e+00 -1.552340275365486832e+03
3.220000000000000000e+04 -8.206839349338581087e+03 0.000000000000000000e+00 -2.205464831833015978e+03
3.230000000000000000e+04 -7.999358895468431001e+03 0.000000000000000000e+00 -2.844297907943683185e+03
3.240000000000000000e+04 -7.739791686270626997e+03 0.000000000000000000e+00 -3.464637141225117375e+03
3.250000000000000000e+04 -7.429646083267702124e+03 0.000000000000000000e+00 -4.062360525170114670e+03
3.260000000000000000e+04 -7.070744752325326772e+03 0.000000000000000000e+00 -4.633435732881935110e+03
3.270000000000000000e+04 -6.665216575211066811e+03 0.000000000000000000e+00 -5.173951786882063971e+03
3.280000000000000000e+04 -6.215487081195235078e+03 0.000000000000000000e+00 -5.680150382829820046e+03
3.290000000000000000e+04 -5.724279160820437937e+03 0.000000000000000000e+00 -6.148436309701221944e+03
3.300000000000000000e+04 -5.194607195508822770e+03 0.000000000000000000e+00 -6.575400041267110282e+03
3.310000000000000000e+04 -4.629769664577539515e+03 0.000000000000000000e+00 -6.957841141657534536e+03
3.320000000000000000e+04 -4.033339965208856938e+03 0.000000000000000000e+00 -7.292792434569591023e+03
3.330000000000000000e+04 -3.409155166277108492e+03 0.000000000000000000e+00 -7.577544838006951977e+03
3.340000000000000000e+04 -2.761302408559330615e+03 0.000000000000000000e+00 -7.809672712761112962e+03
3.350000000000000000e+04 -2.094102663409028992e+03 0.000000000000000000e+00 -7.987059513519827306e+03
3.360000000000000000e+04 -1.412091571261815261e+03 0.000000000000000000e+00 -8.107923467268701643e+03
3.370000000000000000e+04 -7.199971022519441703e+02 0.000000000000000000e+00 -8.170842935764630056e+03
3.380000000000000000e+04 -2.271381560244128650e+01 0.000000000000000000e+00 -8.174781049087095198e+03
3.390000000000000000e+04 6.747264560136582077e+02 0.000000000000000000e+00 -8.119109128014399175e+03
3.400000000000000000e+04 1.367187604931918486e+03 0.000000000000000000e+00 -8.003628347271678649e+03
3.410000000000000000e+04 2.049465954312243866e+03 0.000000000000000000e+00 -7.828589033230811765e+03
3.420000000000000000e+04 2.716330595375330631e+03 0.000000000000000000e+00 -7.594706942634907136e+03
3.430000000000000000e+04 3.362567163469428124e+03 0.000000000000000000e+00 -7.303175837995526308e+03
3.440000000000000000e+04 3.983024729808820666e+03 0.000000000000000000e+00 -6.955675665251640567e+03
3.450000000000000000e+04 4.572665344892212488e+03 0.000000000000000000e+00 -6.554375654701447274e+03
3.460000000000000000e+04 5.126615623614149627e+03 0.000000000000000000e+00 -6.101931711166623245e+03
3.470000000000000000e+04 5.640219617432971972e+03 0.000000000000000000e+00 -5.601477536837056505e+03
3.480000000000000000e+04 6.109092083365898361e+03 0.000000000000000000e+00 -5.056609041774564503e+03
3.490000000000000000e+04 6.529171141592698405e+03 0.000000000000000000e+00 -4.471361742168366618e+03
3.500000000000000000e+04 6.896769221910480155e+03 0.000000000000000000e+00 -3.850181022358706286e+03
3.510000000000000000e+04 7.208621142658815188e+03 0.000000000000000000e+00 -3.197885338089571178e+03
3.520000000000000000e+04 7.461774007929807340e+03 0.000000000000000000e+00 -2.519985431895799593e+03
3.530000000000000000e+04 7.653820319371671758e+03 0.000000000000000000e+00 -1.822258828778394445e+03
3.540000000000000000e+04 7.783079452560425125e+03 0.000000000000000000e+00 -1.110325617631492833e+03
3.550000000000000000e+04 7.848421794032296020e+03 0.000000000000000000e+00 -3.899595663273489663e+02
3.560000000000000000e+04 7.849282553389473833e+03 0.000000000000000000e+00 3.329719125062622425e+02
3.570000000000000000e+04 7.785668096889462504e+03 0.000000000000000000e+00 1.052568747111647326e+03
3.580000000000000000e+04 7.658154833805527232e+03 0.000000000000000000e+00 1.762959071828770675e+03
3.590000000000000000e+04 7.467880861024055775e+03 0.000000000000000000e+00 2.458358939581331470e+03
3.600000000000000000e+04 7.216530730936965483e+03 0.000000000000000000e+00 3.133129919893559418e+03
3.610000000000000000e+04 6.906313846815380202e+03 0.000000000000000000e+00 3.781833717838862412e+03
3.620000000000000000e+04 6.539835511997624963e+03 0.000000000000000000e+00 4.399473209690246222e+03
3.630000000000000000e+04 6.120157387748236033e+03 0.000000000000000000e+00 4.981328010297571382e+03
3.640000000000000000e+04 5.650866531996663980e+03 0.000000000000000000e+00 5.522806587341299746e+03
3.650000000000000000e+04 5.135946347513702676e+03 0.000000000000000000e+00 6.019695470016344188e+03
3.660000000000000000e+04 4.579733339918660931e+03 0.000000000000000000e+00 6.468192902261253948e+03
3.670000000000000000e+04 3.986871253265554060e+03 0.000000000000000000e+00 6.864936984433855287e+03
3.680000000000000000e+04 3.362263370351102822e+03 0.000000000000000000e+00 7.207028177901633171e+03
3.690000000000000000e+04 2.711023744553056076e+03 0.000000000000000000e+00 7.492046169764313163e+03
3.700000000000000000e+04 2.038428089805336867e+03 0.000000000000000000e+00 7.718061206922650854e+03
3.710000000000000000e+04 1.349864998667915188e+03 0.000000000000000000e+00 7.883640106879393898e+03
3.720000000000000000e+04 6.507880891443361406e+02 0.000000000000000000e+00 7.987847234895079964e+03
3.730000000000000000e+04 -5.333039715432755656e+01 0.000000000000000000e+00 8.030240802267331674e+03
3.740000000000000000e+04 -7.570441059032268640e+02 0.000000000000000000e+00 8.010864888290196177e+03
3.750000000000000000e+04 -1.454974834859832299e+03 0.000000000000000000e+00 7.930237619387592531e+03
3.760000000000000000e+04 -2.141852280198514109e+03 0.000000000000000000e+00 7.789335954141834918e+03
3.770000000000000000e+04 -2.812551070586197056e+03 0.000000000000000000e+00 7.589577524069591163e+03
3.780000000000000000e+04 -3.462124967517961522e+03 0.000000000000000000e+00 7.332799968966506640e+03
3.790000000000000000e+04 -4.085838175023748590e+03 0.000000000000000000e+00 7.021238184552908024e+03
3.800000000000000000e+04 -4.679193757772004574e+03 0.000000000000000000e+00 6.657499871155523579e+03
3.810000000000000000e+04 -5.237959213345505304e+03 0.000000000000000000e+00 6.244539737342975968e+03
3.820000000000000000e+04 -5.758189281958676474e+03 0.000000000000000000e+00 5.785632673746244109e+03
3.830000000000000000e+04 -6.236246105356810403e+03 0.000000000000000000e+00 5.284346171496493298e+03
3.840000000000000000e+04 -6.668816866565015516e+03 0.000000000000000000e+00 4.744512218334369209e+03
3.850000000000000000e+04 -7.052929054193895354e+03 0.000000000000000000e+00 4.170198864782975761e+03
3.860000000000000000e+04 -7.385963499928306192e+03 0.000000000000000000e+00 3.565681613893671965e+03
3.870000000000000000e+04 -7.665665336453511372e+03 0.000000000000000000e+00 2.935414751813319526e+03
3.880000000000000000e+04 -7.890158373909001057e+03 0.000000000000000000e+00 2.283989086345975466e+03
3.890000000000000000e+04 -8.057945539587837629e+03 0.000000000000000000e+00 1.616117449791150193e+03
3.900000000000000000e+04 -8.167909207685427646e+03 0.000000000000000000e+00 9.366200712488156341e+02
3.910000000000000000e+04 -8.219322107225014406e+03 0.000000000000000000e+00 2.503823382999835303e+02
3.920000000000000000e+04 -8.211849818676191717e+03 0.000000000000000000e+00 -4.376735278059455823e+02
3.930000000000000000e+04 -8.145551771548966826e+03 0.000000000000000000e+00 -1.122616733044495049e+03
3.940000000000000000e+04 -8.020880766309637693e+03 0.000000000000000000e+00 -1.799536128293115326e+03
3.950000000000000000e+04 -7.838681020965549578e+03 0.000000000000000000e+00 -2.463568406359661822e+03
3.960000000000000000e+04 -7.600184719737051637e+03 0.000000000000000000e+00 -3.109926298336962645e+03
3.970000000000000000e+04 -7.307007018925687589e+03 0.000000000000000000e+00 -3.733926782221203212e+03
3.980000000000000000e+04 -6.961139443961335928e+03 0.000000000000000000e+00 -4.331019305289053591e+03
3.990000000000000000e+04 -6.564945827612619723e+03 0.000000000000000000e+00 -4.896807367313947907e+03
4.000000000000000000e+04 -6.121148242383299475e+03 0.000000000000000000e+00 -5.427084095584925308e+03
4.010000000000000000e+04 -5.632810623478739217e+03 0.000000000000000000e+00 -5.917866962554098791e+03
4.020000000000000000e+04 -5.103328562857377619e+03 0.000000000000000000e+00 -6.365418263883525469e+03
4.030000000000000000e+04 -4.536413095846211945e+03 0.000000000000000000e+00 -6.766272661432822133e+03
4.040000000000000000e+04 -3.936072204263226922e+03 0.000000000000000000e+00 -7.117264275975840064e+03
4.050000000000000000e+04 -3.306589910058107307e+03 0.000000000000000000e+00 -7.415553145888399740e+03
4.060000000000000000e+04 -2.652502845113474905e+03 0.000000000000000000e+00 -7.658650830310099082e+03
4.070000000000000000e+04 -1.978574201852630267e+03 0.000000000000000000e+00 -7.844444896970639093e+03
4.080000000000000000e+04 -1.289764996256641098e+03 0.000000000000000000e+00 -7.971221997189117246e+03
4.090000000000000000e+04 -5.912026102225850082e+02 0.000000000000000000e+00 -8.037689194918158137e+03
4.100000000000000000e+04 1.118533759091216098e+02 0.000000000000000000e+00 -8.042993184728394226e+03
4.110000000000000000e+04 8.140479974632015683e+02 0.000000000000000000e+00 -7.986737007099667608e+03
4.120000000000000000e+04 1.509970242594565207e+03 0.000000000000000000e+00 -7.868993850215028942e+03
4.130000000000000000e+04 2.194194721403376207e+03 0.000000000000000000e+00 -7.690317517609157221e+03
4.140000000000000000e+04 2.861325402565733839e+03 0.000000000000000000e+00 -7.451749142434543501e+03
4.150000000000000000e+04 3.506041075758628722e+03 0.000000000000000000e+00 -7.154819743557643960e+03
4.160000000000000000e+04 4.123142119254212957e+03 0.000000000000000000e+00 -6.801548247684572743e+03
4.170000000000000000e+04 4.707598074349361923e+03 0.000000000000000000e+00 -6.394434646322873050e+03
4.180000000000000000e+04 5.254595454989238533e+03 0.000000000000000000e+00 -5.936448017131172492e+03
4.190000000000000000e+04 5.759585155525151094e+03 0.000000000000000000e+00 -5.431009215917139045e+03
4.200000000000000000e+04 6.218328765625001324e+03 0.000000000000000000e+00 -4.881968137240520264e+03
4.210000000000000000e+04 6.626943062459693465e+03 0.000000000000000000e+00 -4.293575546417911028e+03
4.220000000000000000e+04 6.981941929649380654e+03 0.000000000000000000e+00 -3.670449600980637115e+03
4.230000000000000000e+04 7.280274952757110441e+03 0.000000000000000000e+00 -3.017537301741305328e+03
4.240000000000000000e+04 7.519281149724888564e+03 0.000000000000000000e+00 -2.340271229756738194e+03
4.250000000000000000e+04 7.696821371921770151e+03 0.000000000000000000e+00 -1.644315163566091769e+03
4.260000000000000000e+04 7.811380701142878024e+03 0.000000000000000000e+00 -9.353095995524388400e+02
4.270000000000000000e+04 7.861980617689791870e+03 0.000000000000000000e+00 -2.190220435724635308e+02
4.280000000000000000e+04 7.848189315241244003e+03 0.000000000000000000e+00 4.987073210693605461e+02
4.290000000000000000e+04 7.770125989715870674e+03 0.000000000000000000e+00 1.212020610164760001e+03
4.300000000000000000e+04 7.628459119842450491e+03 0.000000000000000000e+00 1.915097112244386153e+03
4.310000000000000000e+04 7.424398861484894951e+03 0.000000000000000000e+00 2.602207332866358229e+03
4.320000000000000000e+04 7.159683775258838978e+03 0.000000000000000000e+00 3.267765520254146850e+03
4.330000000000000000e+04 6.836562194914888096e+03 0.000000000000000000e+00 3.906380034426313159e+03
4.340000000000000000e+04 6.457709529511093933e+03 0.000000000000000000e+00 4.513005824850150930e+03
4.350000000000000000e+04 6.026254481874822886e+03 0.000000000000000000e+00 5.082872337277387487e+03
4.360000000000000000e+04 5.545808279883730393e+03 0.000000000000000000e+00 5.611419702411229082e+03
4.370000000000000000e+04 5.020376886493210804e+03 0.000000000000000000e+00 6.094452893205497276e+03
4.380000000000000000e+04 4.454322182232521300e+03 0.000000000000000000e+00 6.528175583173761879e+03
4.390000000000000000e+04 3.852320355356448999e+03 0.000000000000000000e+00 6.909219528668983912e+03
4.400000000000000000e+04 3.219318072048508839e+03 0.000000000000000000e+00 7.234669279327297772e+03
4.410000000000000000e+04 2.560487002604342706e+03 0.000000000000000000e+00 7.502082102134307206e+03
4.420000000000000000e+04 1.881177270584217240e+03 0.000000000000000000e+00 7.709503082455770709e+03
4.430000000000000000e+04 1.186870371783527844e+03 0.000000000000000000e+00 7.855475437908158710e+03
4.440000000000000000e+04 4.831320800972150664e+02 0.000000000000000000e+00 7.939046146524217875e+03
4.450000000000000000e+04 -2.244341802859638619e+02 0.000000000000000000e+00 7.959767048089148375e+03
4.460000000000000000e+04 -9.302330605610133034e+02 0.000000000000000000e+00 7.917691625987870793e+03
4.470000000000000000e+04 -1.628721722809904122e+03 0.000000000000000000e+00 7.813367716014198777e+03
4.480000000000000000e+04 -2.314452647332396282e+03 0.000000000000000000e+00 7.647826418317469688e+03
4.490000000000000000e+04 -2.982114524462495410e+03 0.000000000000000000e+00 7.422567509294932279e+03
4.500000000000000000e+04 -3.626570993284020005e+03 0.000000000000000000e+00 7.139541662344752694e+03
4.510000000000000000e+04 -4.242897037219446247e+03 0.000000000000000000e+00 6.801129790755859176e+03
4.520000000000000000e+04 -4.826412890771559432e+03 0.000000000000000000e+00 6.410119823564964463e+03
4.530000000000000000e+04 -5.372715351926626681e+03 0.000000000000000000e+00 5.969681216997506453e+03
4.540000000000000000e+04 -5.877706430294702841e+03 0.000000000000000000e+00 5.483337491218425384e+03
4.550000000000000000e+04 -6.337619291602117300e+03 0.000000000000000000e+00 4.954937065648101452e+03
4.560000000000000000e+04 -6.749041484498780846e+03 0.000000000000000000e+00 4.388622647116594635e+03
4.570000000000000000e+04 -7.108935455811280008e+03 0.000000000000000000e+00 3.788799404645952109e+03
4.580000000000000000e+04 -7.414656375525315525e+03 0.000000000000000000e+00 3.160102143597569921e+03
4.590000000000000000e+04 -7.663967303206626639e+03 0.000000000000000000e+00 2.507361671138524798e+03
4.600000000000000000e+04 -7.855054707816731025e+03 0.000000000000000000e+00 1.835561582329691646e+03
4.610000000000000000e+04 -7.986534549458293441e+03 0.000000000000000000e+00 1.149812788214673219e+03
4.620000000000000000e+04 -8.057456853634711479e+03 0.000000000000000000e+00 4.553274958814533875e+02
4.630000000000000000e+04 -8.067314671257522605e+03 0.000000000000000000e+00 -2.426252892413084510e+02
4.640000000000000000e+04 -8.016046591236593486e+03 0.000000000000000000e+00 -9.387552614497509467e+02
4.650000000000000000e+04 -7.904036776689279577e+03 0.000000000000000000e+00 -1.627786331141425308e+03
4.660000000000000000e+04 -7.732112533287049700e+03 0.000000000000000000e+00 -2.304492051646847813e+03
4.670000000000000000e+04 -7.501539410323305674e+03 0.000000000000000000e+00 -2.963730848486727155e+03
4.680000000000000000e+04 -7.214013827551311806e+03 0.000000000000000000e+00 -3.600480939618772027e+03
4.690000000000000000e+04 -6.871653214311916599e+03 0.000000000000000000e+00 -4.209874828694525604e+03
4.700000000000000000e+04 -6.476986475057951793e+03 0.000000000000000000e+00 -4.787228682017415849e+03
4.710000000000000000e+04 -6.032936451175258298e+03 0.000000000000000000e+00 -5.328080651703610783e+03
4.720000000000000000e+04 -5.542799548148455870e+03 0.000000000000000000e+00 -5.828227823591765627e+03
4.730000000000000000e+04 -5.010228273963521133e+03 0.000000000000000000e+00 -6.283752480656839907e+03
4.740000000000000000e+04 -4.439208656493747185e+03 0.000000000000000000e+00 -6.691052217355523680e+03
4.750000000000000000e+04 -3.834035099047715448e+03 0.000000000000000000e+00 -7.046868639111945413e+03
4.760000000000000000e+04 -3.199282689966386442e+03 0.000000000000000000e+00 -7.348314424992088789e+03
4.770000000000000000e+04 -2.539777001706427654e+03 0.000000000000000000e+00 -7.592898513931827438e+03
4.780000000000000000e+04 -1.860561439161704129e+03 0.000000000000000000e+00 -7.778549158763369633e+03
4.790000000000000000e+04 -1.166862226029752946e+03 0.000000000000000000e+00 -7.903634578669812981e+03
4.800000000000000000e+04 -4.640511516358491235e+02 0.000000000000000000e+00 -7.966980930574636659e+03
4.810000000000000000e+04 2.423937615906104384e+02 0.000000000000000000e+00 -7.967887314349286498e+03
4.820000000000000000e+04 9.469294684108128877e+02 0.000000000000000000e+00 -7.906137526590552625e+03
4.830000000000000000e+04 1.643990743074195734e+03 0.000000000000000000e+00 -7.782008284019872917e+03
4.840000000000000000e+04 2.328034361856538908e+03 0.000000000000000000e+00 -7.596273651129522477e+03
4.850000000000000000e+04 2.993584287495791159e+03 0.000000000000000000e+00 -7.350205428237223714e+03
4.860000000000000000e+04 3.635277471426076318e+03 0.000000000000000000e+00 -7.045569286101503167e+03
4.870000000000000000e+04 4.247909846346088671e+03 0.000000000000000000e+00 -6.684616471933194589e+03
4.880000000000000000e+04 4.826482042370699673e+03 0.000000000000000000e+00 -6.270070958952724141e+03
4.890000000000000000e+04 5.366244326543997886e+03 0.000000000000000000e+00 -5.805111967189044663e+03
4.900000000000000000e+04 5.862740239562343959e+03 0.000000000000000000e+00 -5.293351846230361843e+03
4.910000000000000000e+04 6.311848386794871658e+03 0.000000000000000000e+00 -4.738809379979976256e+03
4.920000000000000000e+04 6.709821834539908195e+03 0.000000000000000000e+00 -4.145878647636757705e+03
4.930000000000000000e+04 7.053324568091471519e+03 0.000000000000000000e+00 -3.519293652266953359e+03
4.940000000000000000e+04 7.339464486428365490e+03 0.000000000000000000e+00 -2.864089006336748753e+03
4.950000000000000000e+04 7.565779240004435451e+03 0.000000000000000000e+00 -2.185669428936411350e+03
4.960000000000000000e+04 7.730316135548489001e+03 0.000000000000000000e+00 -1.489647424191489108e+03
4.970000000000000000e+04 7.831693539663619049e+03 0.000000000000000000e+00 -7.816803340805165590e+02
4.980000000000000000e+04 7.869058147878217824e+03 0.000000000000000000e+00 -6.753444486506759858e+01
4.990000000000000000e+04 7.842093190529769345e+03 0.000000000000000000e+00 6.469661951082958922e+02
5.000000000000000000e+04 7.751021387185533058e+03 0.000000000000000000e+00 1.355991441015986538e+03
5.010000000000000000e+04 7.596602657197080589e+03 0.000000000000000000e+00 2.053756616841094456e+03
5.020000000000000000e+04 7.380126665595144914e+03 0.000000000000000000e+00 2.734573408305936482e+03
5.030000000000000000e+04 7.103400351617176057e+03 0.000000000000000000e+00 3.392899532890823139e+03
5.040000000000000000e+04 6.768730650264474207e+03 0.000000000000000000e+00 4.023386666709060137e+03
5.050000000000000000e+04 6.378868178943706880e+03 0.000000000000000000e+00 4.620984626548257438e+03
5.060000000000000000e+04 5.937013112356706188e+03 0.000000000000000000e+00 5.180919320165565296e+03
5.070000000000000000e+04 5.446821076308208831e+03 0.000000000000000000e+00 5.698674417157003518e+03
5.080000000000000000e+04 4.912339117943852216e+03 0.000000000000000000e+00 6.170093558454042068e+03
5.090000000000000000e+04 4.337969166967242018e+03 0.000000000000000000e+00 6.591414065105652298e+03
5.100000000000000000e+04 3.728428654598517824e+03 0.000000000000000000e+00 6.959296734357954847e+03
5.110000000000000000e+04 3.088708744402943466e+03 0.000000000000000000e+00 7.270851500280356959e+03
5.120000000000000000e+04 2.424030641997472230e+03 0.000000000000000000e+00 7.523658794426223722e+03
5.130000000000000000e+04 1.739800455290430818e+03 0.000000000000000000e+00 7.715786499701506727e+03
5.140000000000000000e+04 1.041563073794834963e+03 0.000000000000000000e+00 7.845802446499858888e+03
5.150000000000000000e+04 3.349555253421838188e+02 0.000000000000000000e+00 7.912782453146743137e+03
5.160000000000000000e+04 -3.743397479722781327e+02 0.000000000000000000e+00 7.916313961851255954e+03
5.170000000000000000e+04 -1.080641274630764656e+03 0.000000000000000000e+00 7.856495365958239745e+03
5.180000000000000000e+04 -1.778314205541485990e+03 0.000000000000000000e+00 7.733931163791397012e+03
5.190000000000000000e+04 -2.461814868644576109e+03 0.000000000000000000e+00 7.549723108448212770e+03
5.200000000000000000e+04 -3.125733893862451623e+03 0.000000000000000000e+00 7.305457551410032465e+03
5.210000000000000000e+04 -3.764837609151051765e+03 0.000000000000000000e+00 7.003189200804537904e+03
5.220000000000000000e+04 -4.374107442006155907e+03 0.000000000000000000e+00 6.645421532800366549e+03
5.230000000000000000e+04 -4.948777093994738607e+03 0.000000000000000000e+00 6.235084107257082906e+03
5.240000000000000000e+04 -5.484367288014968835e+03 0.000000000000000000e+00 5.775507046840003568e+03
5.250000000000000000e+04 -5.976717918460437431e+03 0.000000000000000000e+00 5.270392942863591088e+03
5.260000000000000000e+04 -6.422017462820941546e+03 0.000000000000000000e+00 4.723786451731872148e+03
5.270000000000000000e+04 -6.816829539166269569e+03 0.000000000000000000e+00 4.140041843614969366e+03
5.280000000000000000e+04 -7.158116517226281758e+03 0.000000000000000000e+00 3.523788760563362757e+03
5.290000000000000000e+04 -7.443260111311449691e+03 0.000000000000000000e+00 2.879896435232347358e+03
